[1, 39, 247, 248]
[2, 228, 55, 224]
[3, 30, 86, 225]
[4, 56, 215, 168]
[5, 22, 226, 35]
[6, 93, 139, 49]
[7, 36, 41, 216]
[8, 115, 76, 24]
[9, 157, 230, 188]
[10, 240, 250, 100]
[11, 48, 22, 106]
[12, 40, 9, 125]
[13, 224, 89, 213]
[14, 130, 134, 174]
[15, 61, 40, 175]
[16, 233, 145, 25]
[17, 154, 189, 229]
[18, 99, 77, 160]
[19, 52, 131, 113]
[20, 245, 2, 4]
[21, 139, 241, 11]
[22, 151, 166, 37]
[23, 234, 114, 170]
[24, 58, 149, 104]
[25, 166, 125, 246]
[26, 186, 24, 161]
[27, 94, 213, 154]
[28, 67, 138, 103]
[29, 152, 218, 127]
[30, 137, 88, 114]
[31, 114, 212, 54]
[32, 189, 210, 33]
[33, 2, 17, 190]
[34, 55, 182, 134]
[35, 183, 146, 135]
[36, 148, 239, 143]
[37, 211, 98, 242]
[38, 182, 57, 194]
[39, 66, 7, 105]
[40, 54, 151, 47]
[41, 15, 245, 197]
[42, 220, 240, 153]
[43, 42, 47, 221]
[44, 150, 3, 58]
[45, 69, 205, 10]
[46, 5, 52, 98]
[47, 98, 242, 195]
[48, 169, 227, 95]
[49, 173, 96, 30]
[50, 21, 59, 72]
[51, 205, 5, 12]
[52, 172, 124, 238]
[53, 90, 243, 187]
[54, 146, 208, 81]
[55, 91, 177, 236]
[56, 7, 21, 204]
[57, 47, 45, 123]
[58, 126, 135, 56]
[59, 203, 171, 133]
[60, 184, 142, 133]
[61, 101, 109, 15]
[62, 243, 163, 18]
[63, 50, 58, 84]
[64, 19, 67, 226]
[65, 176, 94, 121]
[66, 9, 128, 145]
[67, 204, 133, 2]
[68, 109, 197, 77]
[69, 210, 192, 36]
[70, 247, 51, 43]
[71, 32, 8, 39]
[72, 74, 167, 201]
[73, 206, 87, 149]
[74, 216, 186, 38]
[75, 46, 63, 64]
[76, 92, 112, 200]
[77, 65, 136, 69]
[78, 10, 136, 17]
[79, 198, 34, 148]
[80, 181, 78, 55]
[81, 181, 72, 3]
[82, 199, 74, 129]
[83, 136, 199, 23]
[84, 177, 16, 210]
[85, 118, 99, 151]
[86, 225, 19, 118]
[87, 96, 200, 27]
[88, 105, 39, 184]
[89, 212, 150, 232]
[90, 120, 69, 157]
[91, 25, 193, 9]
[92, 95, 236, 146]
[93, 241, 25, 176]
[94, 144, 147, 91]
[95, 41, 1, 212]
[96, 135, 50, 67]
[97, 11, 202, 185]
[98, 215, 90, 156]
[99, 145, 232, 167]
[100, 1, 204, 239]
[101, 88, 188, 211]
[102, 250, 113, 26]
[103, 235, 172, 205]
[104, 127, 221, 80]
[105, 51, 217, 136]
[106, 83, 155, 70]
[107, 156, 28, 164]
[108, 163, 100, 144]
[109, 73, 60, 90]
[110, 238, 10, 40]
[111, 24, 122, 140]
[112, 197, 211, 147]
[113, 219, 185, 112]
[114, 28, 144, 162]
[115, 113, 107, 203]
[116, 141, 159, 96]
[117, 190, 103, 32]
[118, 64, 237, 21]
[119, 179, 228, 222]
[120, 87, 43, 159]
[121, 53, 20, 230]
[122, 149, 65, 158]
[123, 104, 178, 128]
[124, 131, 137, 6]
[125, 108, 129, 41]
[126, 37, 143, 155]
[127, 4, 141, 166]
[128, 192, 15, 83]
[129, 196, 18, 29]
[130, 221, 154, 14]
[131, 77, 32, 76]
[132, 107, 244, 202]
[133, 68, 161, 180]
[134, 239, 104, 163]
[135, 160, 116, 250]
[136, 44, 118, 22]
[137, 202, 92, 117]
[138, 86, 82, 177]
[139, 31, 169, 181]
[140, 248, 37, 247]
[141, 33, 224, 233]
[142, 72, 93, 241]
[143, 201, 180, 235]
[144, 178, 127, 244]
[145, 84, 70, 124]
[146, 123, 203, 52]
[147, 45, 234, 179]
[148, 70, 91, 152]
[149, 16, 79, 88]
[150, 214, 61, 218]
[151, 232, 174, 5]
[152, 217, 140, 63]
[153, 129, 35, 192]
[154, 71, 97, 169]
[155, 81, 12, 60]
[156, 185, 223, 130]
[157, 236, 181, 20]
[158, 29, 14, 208]
[159, 175, 46, 171]
[160, 75, 195, 93]
[161, 110, 83, 97]
[162, 244, 73, 245]
[163, 79, 225, 85]
[164, 227, 71, 196]
[165, 27, 11, 120]
[166, 128, 30, 116]
[167, 57, 235, 191]
[168, 165, 54, 217]
[169, 195, 44, 51]
[170, 85, 229, 165]
[171, 158, 216, 89]
[172, 138, 156, 53]
[173, 231, 183, 219]
[174, 208, 191, 228]
[175, 142, 80, 173]
[176, 111, 132, 215]
[177, 125, 184, 193]
[178, 35, 158, 115]
[179, 230, 249, 137]
[180, 62, 75, 1]
[181, 200, 164, 61]
[182, 63, 126, 13]
[183, 60, 66, 207]
[184, 159, 214, 46]
[185, 180, 170, 42]
[186, 161, 231, 92]
[187, 20, 130, 44]
[188, 116, 29, 109]
[189, 119, 194, 249]
[190, 18, 206, 141]
[191, 38, 120, 79]
[192, 249, 26, 182]
[193, 223, 179, 126]
[194, 134, 68, 82]
[195, 147, 62, 8]
[196, 6, 119, 34]
[197, 76, 196, 189]
[198, 13, 175, 178]
[199, 143, 36, 78]
[200, 23, 117, 139]
[201, 140, 38, 138]
[202, 132, 162, 227]
[203, 226, 48, 62]
[204, 34, 102, 28]
[205, 187, 168, 68]
[206, 124, 108, 16]
[207, 209, 198, 102]
[208, 14, 173, 45]
[209, 246, 85, 107]
[210, 133, 160, 57]
[211, 100, 42, 111]
[212, 222, 115, 214]
[213, 89, 81, 59]
[214, 17, 84, 87]
[215, 122, 56, 142]
[216, 103, 187, 19]
[217, 59, 121, 101]
[218, 80, 105, 172]
[219, 213, 49, 206]
[220, 207, 219, 199]
[221, 171, 157, 234]
[222, 174, 209, 7]
[223, 121, 207, 110]
[224, 106, 148, 50]
[225, 237, 33, 150]
[226, 26, 110, 122]
[227, 191, 4, 231]
[228, 153, 220, 86]
[229, 3, 53, 73]
[230, 194, 13, 108]
[231, 218, 246, 131]
[232, 167, 95, 48]
[233, 78, 153, 65]
[234, 242, 165, 119]
[235, 112, 222, 209]
[236, 49, 106, 31]
[237, 97, 238, 71]
[238, 168, 201, 75]
[239, 102, 176, 66]
[240, 155, 190, 186]
[241, 43, 64, 183]
[242, 188, 6, 99]
[243, 117, 233, 132]
[244, 164, 111, 223]
[245, 12, 27, 237]
[246, 229, 23, 240]
[247, 170, 31, 243]
[248, 193, 101, 94]
[249, 82, 248, 74]
[250, 162, 152, 198]
